4 
1 
16 
1 5 1 20 0 50
2 19 1 20 0 64
3 37 1 20 1 157
4 42 1 20 1 162
5 60 1 20 1 180
6 69 1 20 0 114
7 106 1 20 0 151
8 112 1 20 0 157
9 132 1 20 0 177
10 142 1 20 1 262
11 152 1 20 0 197
12 165 1 20 1 285
13 256 1 20 2 496
14 277 1 20 0 322
15 286 1 20 0 331
16 287 1 20 0 332
3 
  0  1  22  8  13  27  15  21  15  11  11  23  6  29  6  29
  1  0  21  19  15  18  2  8  15  3  3  15  17  27  16  9
  22  21  0  29  27  18  20  19  0  1  0  5  6  16  15  15
  8  19  29  0  27  17  0  26  5  29  18  16  16  1  16  8
  13  15  27  27  0  1  25  2  10  1  9  11  25  10  24  29
  27  18  18  17  1  0  19  28  22  21  10  1  29  15  13  6
  15  2  20  0  25  19  0  22  24  17  3  5  29  26  15  29
  21  8  19  26  2  28  22  0  27  19  5  15  29  4  20  23
  15  15  0  5  10  22  24  27  0  20  5  27  10  26  9  12
  11  3  1  29  1  21  17  19  20  0  2  6  19  10  2  12
  11  3  0  18  9  10  3  5  5  2  0  8  12  4  19  23
  23  15  5  16  11  1  5  15  27  6  8  0  13  5  14  9
  6  17  6  16  25  29  29  29  10  19  12  13  0  7  3  22
  29  27  16  1  10  15  26  4  26  10  4  5  7  0  20  20
  6  16  15  16  24  13  15  20  9  2  19  14  3  20  0  21
  29  9  15  8  29  6  29  23  12  12  23  9  22  20  21  0